% Shemat-Suite version: SHEMAT-Suite 9.0 (Freely)                                                       
% data fit at iteration                final
%    i     j     k     unit     type               calc             obs             err            diff             res            time  ozone
    32    15    21       12        2     0.14916460E+03  0.15145234E+03  0.50000000E+00 -0.22877353E+01 -0.45754707E+01  0.60000000E+08     1
    32    15    22       12        2     0.14553645E+03  0.14773580E+03  0.50000000E+00 -0.21993456E+01 -0.43986912E+01  0.60000000E+08     1
    32    15    23       12        2     0.14192424E+03  0.14403725E+03  0.50000000E+00 -0.21130119E+01 -0.42260238E+01  0.60000000E+08     1
    32    15    24       12        2     0.13832750E+03  0.14035619E+03  0.50000000E+00 -0.20286879E+01 -0.40573759E+01  0.60000000E+08     1
    32    15    25       12        2     0.13474568E+03  0.13669201E+03  0.50000000E+00 -0.19463342E+01 -0.38926684E+01  0.60000000E+08     1
    32    15    26       12        2     0.13117814E+03  0.13304408E+03  0.50000000E+00 -0.18659421E+01 -0.37318843E+01  0.60000000E+08     1
    32    15    27       12        2     0.12762413E+03  0.12941170E+03  0.50000000E+00 -0.17875619E+01 -0.35751238E+01  0.60000000E+08     1
    32    15    28       12        2     0.12408283E+03  0.12579415E+03  0.50000000E+00 -0.17113182E+01 -0.34226364E+01  0.60000000E+08     1
    32    15    29       12        2     0.12055337E+03  0.12219071E+03  0.50000000E+00 -0.16373413E+01 -0.32746825E+01  0.60000000E+08     1
    32    15    30       12        2     0.11703487E+03  0.11860055E+03  0.50000000E+00 -0.15656883E+01 -0.31313767E+01  0.60000000E+08     1
    32    15    31       12        2     0.11352636E+03  0.11502268E+03  0.50000000E+00 -0.14963207E+01 -0.29926413E+01  0.60000000E+08     1
    32    15    32       12        2     0.11002675E+03  0.11145585E+03  0.50000000E+00 -0.14291028E+01 -0.28582056E+01  0.60000000E+08     1
    32    15    33       12        2     0.10653472E+03  0.10789855E+03  0.50000000E+00 -0.13638323E+01 -0.27276646E+01  0.60000000E+08     1
    32    15    34       12        2     0.10304876E+03  0.10434913E+03  0.50000000E+00 -0.13003711E+01 -0.26007422E+01  0.60000000E+08     1
    32    15    35       12        2     0.99567248E+02  0.10080633E+03  0.50000000E+00 -0.12390781E+01 -0.24781561E+01  0.60000000E+08     1
    32    15    36       12        2     0.96088942E+02  0.97269028E+02  0.50000000E+00 -0.11800868E+01 -0.23601736E+01  0.60000000E+08     1
    32    15    37       12        2     0.92612880E+02  0.93735758E+02  0.50000000E+00 -0.11228780E+01 -0.22457560E+01  0.60000000E+08     1
    32    15    38       12        2     0.89137821E+02  0.90204327E+02  0.50000000E+00 -0.10665056E+01 -0.21330111E+01  0.60000000E+08     1
    32    15    39       12        2     0.85661978E+02  0.86671385E+02  0.50000000E+00 -0.10094071E+01 -0.20188142E+01  0.60000000E+08     1
    32    15    40       12        2     0.82182690E+02  0.83131509E+02  0.50000000E+00 -0.94881907E+00 -0.18976381E+01  0.60000000E+08     1
    32    15    41       12        2     0.78695756E+02  0.79575263E+02  0.50000000E+00 -0.87950755E+00 -0.17590151E+01  0.60000000E+08     1
    32    15    42       12        2     0.75193991E+02  0.75984904E+02  0.50000000E+00 -0.79091278E+00 -0.15818256E+01  0.60000000E+08     1
    32    15    43       12        2     0.71664048E+02  0.72324252E+02  0.50000000E+00 -0.66020348E+00 -0.13204070E+01  0.60000000E+08     1
    32    15    44       12        2     0.68078009E+02  0.68531442E+02  0.50000000E+00 -0.45343285E+00 -0.90686569E+00  0.60000000E+08     1
    32    15    45       12        2     0.64383510E+02  0.64669560E+02  0.50000000E+00 -0.28605056E+00 -0.57210112E+00  0.60000000E+08     1
    32    15    46       12        2     0.60624841E+02  0.60810325E+02  0.50000000E+00 -0.18548395E+00 -0.37096790E+00  0.60000000E+08     1
    32    15    47       12        2     0.56899809E+02  0.56994213E+02  0.50000000E+00 -0.94404352E-01 -0.18880870E+00  0.60000000E+08     1
    32    15    48       12        2     0.53298856E+02  0.53259247E+02  0.50000000E+00  0.39608613E-01  0.79217226E-01  0.60000000E+08     1
    32    15    49        9        2     0.50487237E+02  0.49667649E+02  0.50000000E+00  0.81958805E+00  0.16391761E+01  0.60000000E+08     1
    32    15    50        8        2     0.47648419E+02  0.46839711E+02  0.50000000E+00  0.80870783E+00  0.16174157E+01  0.60000000E+08     1
    32    15    51        8        2     0.44197877E+02  0.43918630E+02  0.50000000E+00  0.27924754E+00  0.55849508E+00  0.60000000E+08     1
    32    15    52        7        2     0.40048731E+02  0.40376437E+02  0.50000000E+00 -0.32770620E+00 -0.65541240E+00  0.60000000E+08     1
    32    15    53        7        2     0.35219954E+02  0.36129785E+02  0.50000000E+00 -0.90983035E+00 -0.18196607E+01  0.60000000E+08     1
    32    15    54        7        2     0.30378182E+02  0.31150589E+02  0.50000000E+00 -0.77240693E+00 -0.15448139E+01  0.60000000E+08     1
    32    15    55        7        2     0.25566238E+02  0.26234622E+02  0.50000000E+00 -0.66838415E+00 -0.13367683E+01  0.60000000E+08     1
    32    15    56        7        2     0.20829052E+02  0.21462407E+02  0.50000000E+00 -0.63335477E+00 -0.12667095E+01  0.60000000E+08     1
    32    15    57        7        2     0.16251959E+02  0.17040457E+02  0.50000000E+00 -0.78849781E+00 -0.15769956E+01  0.60000000E+08     1
    79    23    31       12        2     0.11175696E+03  0.11190129E+03  0.50000000E+00 -0.14433283E+00 -0.28866566E+00  0.60000000E+08     1
    79    23    32       12        2     0.10828444E+03  0.10831165E+03  0.50000000E+00 -0.27213577E-01 -0.54427154E-01  0.60000000E+08     1
    79    23    33       12        2     0.10483213E+03  0.10473877E+03  0.50000000E+00  0.93356561E-01  0.18671312E+00  0.60000000E+08     1
    79    23    34       12        2     0.10140124E+03  0.10118208E+03  0.50000000E+00  0.21915459E+00  0.43830918E+00  0.60000000E+08     1
    79    23    35       12        2     0.97993362E+02  0.97640698E+02  0.50000000E+00  0.35266421E+00  0.70532841E+00  0.60000000E+08     1
    79    23    36       12        2     0.94610766E+02  0.94113242E+02  0.50000000E+00  0.49752448E+00  0.99504896E+00  0.60000000E+08     1
    79    23    37       12        2     0.91256902E+02  0.90597498E+02  0.50000000E+00  0.65940408E+00  0.13188082E+01  0.60000000E+08     1
    79    23    38       12        2     0.87937514E+02  0.87089785E+02  0.50000000E+00  0.84772900E+00  0.16954580E+01  0.60000000E+08     1
    79    23    39       12        2     0.84662921E+02  0.83583770E+02  0.50000000E+00  0.10791508E+01  0.21583015E+01  0.60000000E+08     1
    79    23    40       12        2     0.81452884E+02  0.80068237E+02  0.50000000E+00  0.13846468E+01  0.27692936E+01  0.60000000E+08     1
    79    23    41        7        2     0.77424636E+02  0.76522745E+02  0.50000000E+00  0.90189091E+00  0.18037818E+01  0.60000000E+08     1
    79    23    42        7        2     0.72515765E+02  0.72909137E+02  0.50000000E+00 -0.39337156E+00 -0.78674312E+00  0.60000000E+08     1
    79    23    43        7        2     0.67530053E+02  0.68506751E+02  0.50000000E+00 -0.97669811E+00 -0.19533962E+01  0.60000000E+08     1
    79    23    44        7        2     0.62532943E+02  0.64742587E+02  0.50000000E+00 -0.22096439E+01 -0.44192877E+01  0.60000000E+08     1
    79    23    45        9        2     0.58998728E+02  0.61703930E+02  0.50000000E+00 -0.27052020E+01 -0.54104040E+01  0.60000000E+08     1
    79    23    46        8        2     0.56296256E+02  0.57964762E+02  0.50000000E+00 -0.16685064E+01 -0.33370128E+01  0.60000000E+08     1
    79    23    47        7        2     0.52306109E+02  0.53428196E+02  0.50000000E+00 -0.11220871E+01 -0.22441741E+01  0.60000000E+08     1
    79    23    48        7        2     0.47621492E+02  0.48175945E+02  0.50000000E+00 -0.55445266E+00 -0.11089053E+01  0.60000000E+08     1
    79    23    49        7        2     0.42868296E+02  0.42972006E+02  0.50000000E+00 -0.10371040E+00 -0.20742079E+00  0.60000000E+08     1
    79    23    50        7        2     0.38073300E+02  0.37780273E+02  0.50000000E+00  0.29302699E+00  0.58605399E+00  0.60000000E+08     1
    79    23    51        7        2     0.33242294E+02  0.32571487E+02  0.50000000E+00  0.67080773E+00  0.13416155E+01  0.60000000E+08     1
    79    23    52        7        2     0.28368606E+02  0.27557691E+02  0.50000000E+00  0.81091492E+00  0.16218298E+01  0.60000000E+08     1
    79    23    53        6        2     0.23662950E+02  0.22740615E+02  0.50000000E+00  0.92233492E+00  0.18446698E+01  0.60000000E+08     1
    79    23    54        6        2     0.19135052E+02  0.17889341E+02  0.50000000E+00  0.12457113E+01  0.24914226E+01  0.60000000E+08     1
    54    35    18       12        2     0.15875730E+03  0.16379233E+03  0.50000000E+00 -0.50350353E+01 -0.10070071E+02  0.60000000E+08     1
    54    35    19       11        2     0.15508830E+03  0.16005174E+03  0.50000000E+00 -0.49634330E+01 -0.99268659E+01  0.60000000E+08     1
    54    35    20       11        2     0.15141381E+03  0.15630407E+03  0.50000000E+00 -0.48902645E+01 -0.97805290E+01  0.60000000E+08     1
    54    35    21       11        2     0.14776480E+03  0.15255215E+03  0.50000000E+00 -0.47873495E+01 -0.95746990E+01  0.60000000E+08     1
    54    35    22       11        2     0.14413690E+03  0.14882833E+03  0.50000000E+00 -0.46914290E+01 -0.93828580E+01  0.60000000E+08     1
    54    35    23       11        2     0.14053137E+03  0.14512802E+03  0.50000000E+00 -0.45966540E+01 -0.91933079E+01  0.60000000E+08     1
    54    35    24       11        2     0.13694871E+03  0.14145250E+03  0.50000000E+00 -0.45037828E+01 -0.90075655E+01  0.60000000E+08     1
    54    35    25       11        2     0.13338932E+03  0.13780218E+03  0.50000000E+00 -0.44128589E+01 -0.88257177E+01  0.60000000E+08     1
    54    35    26       11        2     0.12985364E+03  0.13417776E+03  0.50000000E+00 -0.43241160E+01 -0.86482320E+01  0.60000000E+08     1
    54    35    27       11        2     0.12634230E+03  0.13058006E+03  0.50000000E+00 -0.42377595E+01 -0.84755189E+01  0.60000000E+08     1
    54    35    28       11        2     0.12285608E+03  0.12701003E+03  0.50000000E+00 -0.41539568E+01 -0.83079135E+01  0.60000000E+08     1
    54    35    29       11        2     0.11939592E+03  0.12346885E+03  0.50000000E+00 -0.40729370E+01 -0.81458739E+01  0.60000000E+08     1
    54    35    30       11        2     0.11596283E+03  0.11995803E+03  0.50000000E+00 -0.39952008E+01 -0.79904016E+01  0.60000000E+08     1
    54    35    31       11        2     0.11255768E+03  0.11647959E+03  0.50000000E+00 -0.39219111E+01 -0.78438222E+01  0.60000000E+08     1
    54    35    32       11        2     0.10918066E+03  0.11303626E+03  0.50000000E+00 -0.38555996E+01 -0.77111991E+01  0.60000000E+08     1
    54    35    33       11        2     0.10583026E+03  0.10963170E+03  0.50000000E+00 -0.38014315E+01 -0.76028629E+01  0.60000000E+08     1
    54    35    34       11        2     0.10250097E+03  0.10627044E+03  0.50000000E+00 -0.37694652E+01 -0.75389304E+01  0.60000000E+08     1
    54    35    35       11        2     0.99178319E+02  0.10295704E+03  0.50000000E+00 -0.37787194E+01 -0.75574387E+01  0.60000000E+08     1
    54    35    36       11        2     0.95828292E+02  0.98804323E+02  0.50000000E+00 -0.29760309E+01 -0.59520619E+01  0.60000000E+08     1
    54    35    37       10        2     0.91664619E+02  0.93801123E+02  0.50000000E+00 -0.21365040E+01 -0.42730080E+01  0.60000000E+08     1
    54    35    38       10        2     0.86744035E+02  0.88818554E+02  0.50000000E+00 -0.20745193E+01 -0.41490386E+01  0.60000000E+08     1
    54    35    39       10        2     0.81899498E+02  0.83852054E+02  0.50000000E+00 -0.19525560E+01 -0.39051120E+01  0.60000000E+08     1
    54    35    40       10        2     0.77104240E+02  0.78904814E+02  0.50000000E+00 -0.18005733E+01 -0.36011466E+01  0.60000000E+08     1
    54    35    41       10        2     0.72342849E+02  0.73984686E+02  0.50000000E+00 -0.16418368E+01 -0.32836737E+01  0.60000000E+08     1
    54    35    42       10        2     0.67598492E+02  0.69104925E+02  0.50000000E+00 -0.15064326E+01 -0.30128652E+01  0.60000000E+08     1
    54    35    43       10        2     0.62842509E+02  0.64288775E+02  0.50000000E+00 -0.14462661E+01 -0.28925322E+01  0.60000000E+08     1
    54    35    44        9        2     0.59420894E+02  0.59580391E+02  0.50000000E+00 -0.15949681E+00 -0.31899363E+00  0.60000000E+08     1
    54    35    45        8        2     0.56875935E+02  0.55068754E+02  0.50000000E+00  0.18071817E+01  0.36143634E+01  0.60000000E+08     1
    54    35    46        8        2     0.53907431E+02  0.51962377E+02  0.50000000E+00  0.19450543E+01  0.38901085E+01  0.60000000E+08     1
    54    35    47        8        2     0.50895355E+02  0.50067965E+02  0.50000000E+00  0.82738982E+00  0.16547796E+01  0.60000000E+08     1
    54    35    48        7        2     0.47258933E+02  0.47497134E+02  0.50000000E+00 -0.23820114E+00 -0.47640228E+00  0.60000000E+08     1
    54    35    49        7        2     0.43069923E+02  0.44277886E+02  0.50000000E+00 -0.12079628E+01 -0.24159256E+01  0.60000000E+08     1
    54    35    50        7        2     0.38900056E+02  0.40344676E+02  0.50000000E+00 -0.14446192E+01 -0.28892384E+01  0.60000000E+08     1
    54    35    51        7        2     0.34724643E+02  0.35710074E+02  0.50000000E+00 -0.98543103E+00 -0.19708621E+01  0.60000000E+08     1
    54    35    52        7        2     0.30542340E+02  0.31108668E+02  0.50000000E+00 -0.56632718E+00 -0.11326544E+01  0.60000000E+08     1
    54    35    53        7        2     0.26357752E+02  0.26543506E+02  0.50000000E+00 -0.18575399E+00 -0.37150797E+00  0.60000000E+08     1
    54    35    54        7        2     0.22175427E+02  0.22014892E+02  0.50000000E+00  0.16053477E+00  0.32106954E+00  0.60000000E+08     1
    54    35    55        7        2     0.17998722E+02  0.17520305E+02  0.50000000E+00  0.47841737E+00  0.95683474E+00  0.60000000E+08     1
    50    45    27       11        2     0.12840928E+03  0.13259854E+03  0.50000000E+00 -0.41892580E+01 -0.83785160E+01  0.60000000E+08     1
    50    45    28       11        2     0.12497292E+03  0.12910242E+03  0.50000000E+00 -0.41294973E+01 -0.82589945E+01  0.60000000E+08     1
    50    45    29       11        2     0.12156050E+03  0.12563626E+03  0.50000000E+00 -0.40757588E+01 -0.81515175E+01  0.60000000E+08     1
    50    45    30       11        2     0.11817187E+03  0.12220110E+03  0.50000000E+00 -0.40292309E+01 -0.80584619E+01  0.60000000E+08     1
    50    45    31       11        2     0.11480649E+03  0.11879860E+03  0.50000000E+00 -0.39921113E+01 -0.79842226E+01  0.60000000E+08     1
    50    45    32       11        2     0.11146292E+03  0.11543170E+03  0.50000000E+00 -0.39687844E+01 -0.79375688E+01  0.60000000E+08     1
    50    45    33       11        2     0.10813735E+03  0.11210601E+03  0.50000000E+00 -0.39686650E+01 -0.79373301E+01  0.60000000E+08     1
    50    45    34       11        2     0.10482003E+03  0.10883341E+03  0.50000000E+00 -0.40133803E+01 -0.80267607E+01  0.60000000E+08     1
    50    45    35       11        2     0.10148540E+03  0.10564108E+03  0.50000000E+00 -0.41556755E+01 -0.83113509E+01  0.60000000E+08     1
    50    45    36       11        2     0.98064843E+02  0.10177092E+03  0.50000000E+00 -0.37060797E+01 -0.74121594E+01  0.60000000E+08     1
    50    45    37       10        2     0.93782915E+02  0.97079256E+02  0.50000000E+00 -0.32963414E+01 -0.65926827E+01  0.60000000E+08     1
    50    45    38       10        2     0.88759899E+02  0.92265274E+02  0.50000000E+00 -0.35053757E+01 -0.70107513E+01  0.60000000E+08     1
    50    45    39       10        2     0.83820830E+02  0.87417734E+02  0.50000000E+00 -0.35969037E+01 -0.71938074E+01  0.60000000E+08     1
    50    45    40       10        2     0.78933176E+02  0.82571674E+02  0.50000000E+00 -0.36384976E+01 -0.72769953E+01  0.60000000E+08     1
    50    45    41       10        2     0.74086625E+02  0.77742553E+02  0.50000000E+00 -0.36559279E+01 -0.73118557E+01  0.60000000E+08     1
    50    45    42       10        2     0.69279972E+02  0.72938417E+02  0.50000000E+00 -0.36584454E+01 -0.73168908E+01  0.60000000E+08     1
    50    45    43       10        2     0.64515013E+02  0.68163863E+02  0.50000000E+00 -0.36488496E+01 -0.72976993E+01  0.60000000E+08     1
    50    45    44       10        2     0.59790202E+02  0.63420688E+02  0.50000000E+00 -0.36304865E+01 -0.72609731E+01  0.60000000E+08     1
    50    45    45        9        2     0.56450373E+02  0.58707157E+02  0.50000000E+00 -0.22567846E+01 -0.45135691E+01  0.60000000E+08     1
    50    45    46        9        2     0.54476011E+02  0.55386813E+02  0.50000000E+00 -0.91080137E+00 -0.18216027E+01  0.60000000E+08     1
    50    45    47        9        2     0.52495759E+02  0.53448281E+02  0.50000000E+00 -0.95252167E+00 -0.19050433E+01  0.60000000E+08     1
    50    45    48        9        2     0.50507670E+02  0.50878415E+02  0.50000000E+00 -0.37074488E+00 -0.74148976E+00  0.60000000E+08     1
    50    45    49        8        2     0.47864046E+02  0.47683527E+02  0.50000000E+00  0.18051981E+00  0.36103962E+00  0.60000000E+08     1
    50    45    50        8        2     0.44572816E+02  0.43794502E+02  0.50000000E+00  0.77831425E+00  0.15566285E+01  0.60000000E+08     1
    50    45    51        7        2     0.40575906E+02  0.39215953E+02  0.50000000E+00  0.13599533E+01  0.27199066E+01  0.60000000E+08     1
    50    45    52        7        2     0.35895738E+02  0.34663423E+02  0.50000000E+00  0.12323156E+01  0.24646312E+01  0.60000000E+08     1
    50    45    53        7        2     0.31267085E+02  0.30133358E+02  0.50000000E+00  0.11337264E+01  0.22674527E+01  0.60000000E+08     1
    50    45    54        7        2     0.26684098E+02  0.25616682E+02  0.50000000E+00  0.10674157E+01  0.21348315E+01  0.60000000E+08     1
    50    45    55        7        2     0.22141911E+02  0.21304517E+02  0.50000000E+00  0.83739422E+00  0.16747884E+01  0.60000000E+08     1
