% Shemat-Suite version: SHEMAT-Suite 9.0 (Freely)                                                       
% data fit at iteration                final
%    i     j     k     unit     type               calc             obs             err            diff             res            time  ozone
    32    15    21       12        2     0.13825677E+03  0.15145234E+03  0.50000000E+00 -0.13195565E+02 -0.26391130E+02  0.60000000E+08     1
    32    15    22       12        2     0.13491842E+03  0.14773580E+03  0.50000000E+00 -0.12817377E+02 -0.25634755E+02  0.60000000E+08     1
    32    15    23       12        2     0.13159995E+03  0.14403725E+03  0.50000000E+00 -0.12437307E+02 -0.24874614E+02  0.60000000E+08     1
    32    15    24       12        2     0.12830087E+03  0.14035619E+03  0.50000000E+00 -0.12055313E+02 -0.24110627E+02  0.60000000E+08     1
    32    15    25       12        2     0.12501851E+03  0.13669201E+03  0.50000000E+00 -0.11673500E+02 -0.23347000E+02  0.60000000E+08     1
    32    15    26       12        2     0.12175003E+03  0.13304408E+03  0.50000000E+00 -0.11294052E+02 -0.22588104E+02  0.60000000E+08     1
    32    15    27       12        2     0.11849410E+03  0.12941170E+03  0.50000000E+00 -0.10917595E+02 -0.21835190E+02  0.60000000E+08     1
    32    15    28       12        2     0.11525072E+03  0.12579415E+03  0.50000000E+00 -0.10543424E+02 -0.21086848E+02  0.60000000E+08     1
    32    15    29       12        2     0.11201991E+03  0.12219071E+03  0.50000000E+00 -0.10170796E+02 -0.20341592E+02  0.60000000E+08     1
    32    15    30       12        2     0.10880066E+03  0.11860055E+03  0.50000000E+00 -0.97998907E+01 -0.19599781E+02  0.60000000E+08     1
    32    15    31       12        2     0.10559090E+03  0.11502268E+03  0.50000000E+00 -0.94317837E+01 -0.18863567E+02  0.60000000E+08     1
    32    15    32       12        2     0.10238815E+03  0.11145585E+03  0.50000000E+00 -0.90677032E+01 -0.18135406E+02  0.60000000E+08     1
    32    15    33       12        2     0.99190144E+02  0.10789855E+03  0.50000000E+00 -0.87084084E+01 -0.17416817E+02  0.60000000E+08     1
    32    15    34       12        2     0.95995015E+02  0.10434913E+03  0.50000000E+00 -0.83541187E+01 -0.16708237E+02  0.60000000E+08     1
    32    15    35       12        2     0.92801152E+02  0.10080633E+03  0.50000000E+00 -0.80051744E+01 -0.16010349E+02  0.60000000E+08     1
    32    15    36       12        2     0.89607375E+02  0.97269028E+02  0.50000000E+00 -0.76616535E+01 -0.15323307E+02  0.60000000E+08     1
    32    15    37       12        2     0.86412308E+02  0.93735758E+02  0.50000000E+00 -0.73234499E+01 -0.14646900E+02  0.60000000E+08     1
    32    15    38       12        2     0.83213859E+02  0.90204327E+02  0.50000000E+00 -0.69904674E+01 -0.13980935E+02  0.60000000E+08     1
    32    15    39       12        2     0.80009261E+02  0.86671385E+02  0.50000000E+00 -0.66621242E+01 -0.13324248E+02  0.60000000E+08     1
    32    15    40       12        2     0.76794890E+02  0.83131509E+02  0.50000000E+00 -0.63366193E+01 -0.12673239E+02  0.60000000E+08     1
    32    15    41       12        2     0.73565576E+02  0.79575263E+02  0.50000000E+00 -0.60096871E+01 -0.12019374E+02  0.60000000E+08     1
    32    15    42       12        2     0.70312501E+02  0.75984904E+02  0.50000000E+00 -0.56724030E+01 -0.11344806E+02  0.60000000E+08     1
    32    15    43       12        2     0.67019189E+02  0.72324252E+02  0.50000000E+00 -0.53050632E+01 -0.10610126E+02  0.60000000E+08     1
    32    15    44       12        2     0.63652238E+02  0.68531442E+02  0.50000000E+00 -0.48792040E+01 -0.97584080E+01  0.60000000E+08     1
    32    15    45       12        2     0.60153528E+02  0.64669560E+02  0.50000000E+00 -0.45160325E+01 -0.90320649E+01  0.60000000E+08     1
    32    15    46       12        2     0.56583543E+02  0.60810325E+02  0.50000000E+00 -0.42267819E+01 -0.84535638E+01  0.60000000E+08     1
    32    15    47       12        2     0.53009281E+02  0.56994213E+02  0.50000000E+00 -0.39849321E+01 -0.79698642E+01  0.60000000E+08     1
    32    15    48       12        2     0.49469042E+02  0.53259247E+02  0.50000000E+00 -0.37902053E+01 -0.75804107E+01  0.60000000E+08     1
    32    15    49       12        2     0.45998813E+02  0.49667649E+02  0.50000000E+00 -0.36688365E+01 -0.73376729E+01  0.60000000E+08     1
    32    15    50       12        2     0.42657326E+02  0.46839711E+02  0.50000000E+00 -0.41823855E+01 -0.83647709E+01  0.60000000E+08     1
    32    15    51        9        2     0.40024834E+02  0.43918630E+02  0.50000000E+00 -0.38937957E+01 -0.77875914E+01  0.60000000E+08     1
    32    15    52        8        2     0.37296326E+02  0.40376437E+02  0.50000000E+00 -0.30801111E+01 -0.61602221E+01  0.60000000E+08     1
    32    15    53        8        2     0.33978186E+02  0.36129785E+02  0.50000000E+00 -0.21515981E+01 -0.43031961E+01  0.60000000E+08     1
    32    15    54        7        2     0.29988392E+02  0.31150589E+02  0.50000000E+00 -0.11621971E+01 -0.23243941E+01  0.60000000E+08     1
    32    15    55        7        2     0.25300772E+02  0.26234622E+02  0.50000000E+00 -0.93385013E+00 -0.18677003E+01  0.60000000E+08     1
    32    15    56        7        2     0.20671297E+02  0.21462407E+02  0.50000000E+00 -0.79111008E+00 -0.15822202E+01  0.60000000E+08     1
    32    15    57        7        2     0.16177546E+02  0.17040457E+02  0.50000000E+00 -0.86291086E+00 -0.17258217E+01  0.60000000E+08     1
    79    23    31       12        2     0.10400911E+03  0.11190129E+03  0.50000000E+00 -0.78921806E+01 -0.15784361E+02  0.60000000E+08     1
    79    23    32       12        2     0.10079224E+03  0.10831165E+03  0.50000000E+00 -0.75194039E+01 -0.15038808E+02  0.60000000E+08     1
    79    23    33       12        2     0.97585412E+02  0.10473877E+03  0.50000000E+00 -0.71533601E+01 -0.14306720E+02  0.60000000E+08     1
    79    23    34       12        2     0.94388052E+02  0.10118208E+03  0.50000000E+00 -0.67940308E+01 -0.13588062E+02  0.60000000E+08     1
    79    23    35       12        2     0.91199857E+02  0.97640698E+02  0.50000000E+00 -0.64408413E+01 -0.12881683E+02  0.60000000E+08     1
    79    23    36       12        2     0.88019717E+02  0.94113242E+02  0.50000000E+00 -0.60935242E+01 -0.12187048E+02  0.60000000E+08     1
    79    23    37       12        2     0.84845956E+02  0.90597498E+02  0.50000000E+00 -0.57515425E+01 -0.11503085E+02  0.60000000E+08     1
    79    23    38       12        2     0.81676244E+02  0.87089785E+02  0.50000000E+00 -0.54135405E+01 -0.10827081E+02  0.60000000E+08     1
    79    23    39       12        2     0.78506048E+02  0.83583770E+02  0.50000000E+00 -0.50777217E+01 -0.10155443E+02  0.60000000E+08     1
    79    23    40       12        2     0.75328754E+02  0.80068237E+02  0.50000000E+00 -0.47394830E+01 -0.94789660E+01  0.60000000E+08     1
    79    23    41       12        2     0.72134809E+02  0.76522745E+02  0.50000000E+00 -0.43879356E+01 -0.87758712E+01  0.60000000E+08     1
    79    23    42       12        2     0.68905123E+02  0.72909137E+02  0.50000000E+00 -0.40040135E+01 -0.80080269E+01  0.60000000E+08     1
    79    23    43       12        2     0.65604199E+02  0.68506751E+02  0.50000000E+00 -0.29025522E+01 -0.58051044E+01  0.60000000E+08     1
    79    23    44        6        2     0.61561462E+02  0.64742587E+02  0.50000000E+00 -0.31811251E+01 -0.63622502E+01  0.60000000E+08     1
    79    23    45        9        2     0.58100460E+02  0.61703930E+02  0.50000000E+00 -0.36034702E+01 -0.72069404E+01  0.60000000E+08     1
    79    23    46        8        2     0.55307979E+02  0.57964762E+02  0.50000000E+00 -0.26567836E+01 -0.53135673E+01  0.60000000E+08     1
    79    23    47        8        2     0.51856019E+02  0.53428196E+02  0.50000000E+00 -0.15721770E+01 -0.31443540E+01  0.60000000E+08     1
    79    23    48        7        2     0.47650831E+02  0.48175945E+02  0.50000000E+00 -0.52511414E+00 -0.10502283E+01  0.60000000E+08     1
    79    23    49        7        2     0.42770001E+02  0.42972006E+02  0.50000000E+00 -0.20200574E+00 -0.40401149E+00  0.60000000E+08     1
    79    23    50        7        2     0.37929231E+02  0.37780273E+02  0.50000000E+00  0.14895797E+00  0.29791594E+00  0.60000000E+08     1
    79    23    51        7        2     0.33094737E+02  0.32571487E+02  0.50000000E+00  0.52325071E+00  0.10465014E+01  0.60000000E+08     1
    79    23    52        7        2     0.28239561E+02  0.27557691E+02  0.50000000E+00  0.68187035E+00  0.13637407E+01  0.60000000E+08     1
    79    23    53        6        2     0.23564378E+02  0.22740615E+02  0.50000000E+00  0.82376295E+00  0.16475259E+01  0.60000000E+08     1
    79    23    54        6        2     0.19073740E+02  0.17889341E+02  0.50000000E+00  0.11843985E+01  0.23687971E+01  0.60000000E+08     1
    54    35    18       12        2     0.15050717E+03  0.16379233E+03  0.50000000E+00 -0.13285163E+02 -0.26570326E+02  0.60000000E+08     1
    54    35    19       12        2     0.14714207E+03  0.16005174E+03  0.50000000E+00 -0.12909670E+02 -0.25819339E+02  0.60000000E+08     1
    54    35    20       12        2     0.14380181E+03  0.15630407E+03  0.50000000E+00 -0.12502260E+02 -0.25004520E+02  0.60000000E+08     1
    54    35    21       11        2     0.14045451E+03  0.15255215E+03  0.50000000E+00 -0.12097630E+02 -0.24195261E+02  0.60000000E+08     1
    54    35    22       11        2     0.13710423E+03  0.14882833E+03  0.50000000E+00 -0.11724102E+02 -0.23448204E+02  0.60000000E+08     1
    54    35    23       11        2     0.13378210E+03  0.14512802E+03  0.50000000E+00 -0.11345926E+02 -0.22691852E+02  0.60000000E+08     1
    54    35    24       11        2     0.13048402E+03  0.14145250E+03  0.50000000E+00 -0.10968472E+02 -0.21936945E+02  0.60000000E+08     1
    54    35    25       11        2     0.12720919E+03  0.13780218E+03  0.50000000E+00 -0.10592983E+02 -0.21185965E+02  0.60000000E+08     1
    54    35    26       11        2     0.12395551E+03  0.13417776E+03  0.50000000E+00 -0.10222243E+02 -0.20444485E+02  0.60000000E+08     1
    54    35    27       11        2     0.12072222E+03  0.13058006E+03  0.50000000E+00 -0.98578379E+01 -0.19715676E+02  0.60000000E+08     1
    54    35    28       11        2     0.11751059E+03  0.12701003E+03  0.50000000E+00 -0.94994449E+01 -0.18998890E+02  0.60000000E+08     1
    54    35    29       11        2     0.11432300E+03  0.12346885E+03  0.50000000E+00 -0.91458572E+01 -0.18291714E+02  0.60000000E+08     1
    54    35    30       11        2     0.11116047E+03  0.11995803E+03  0.50000000E+00 -0.87975594E+01 -0.17595119E+02  0.60000000E+08     1
    54    35    31       11        2     0.10802278E+03  0.11647959E+03  0.50000000E+00 -0.84568085E+01 -0.16913617E+02  0.60000000E+08     1
    54    35    32       11        2     0.10491023E+03  0.11303626E+03  0.50000000E+00 -0.81260233E+01 -0.16252047E+02  0.60000000E+08     1
    54    35    33       11        2     0.10182428E+03  0.10963170E+03  0.50000000E+00 -0.78074201E+01 -0.15614840E+02  0.60000000E+08     1
    54    35    34       11        2     0.98767999E+02  0.10627044E+03  0.50000000E+00 -0.75024376E+01 -0.15004875E+02  0.60000000E+08     1
    54    35    35       11        2     0.95745780E+02  0.10295704E+03  0.50000000E+00 -0.72112587E+01 -0.14422517E+02  0.60000000E+08     1
    54    35    36       11        2     0.92762182E+02  0.98804323E+02  0.50000000E+00 -0.60421411E+01 -0.12084282E+02  0.60000000E+08     1
    54    35    37       10        2     0.88998413E+02  0.93801123E+02  0.50000000E+00 -0.48027099E+01 -0.96054198E+01  0.60000000E+08     1
    54    35    38       10        2     0.84443661E+02  0.88818554E+02  0.50000000E+00 -0.43748936E+01 -0.87497871E+01  0.60000000E+08     1
    54    35    39       10        2     0.79901036E+02  0.83852054E+02  0.50000000E+00 -0.39510186E+01 -0.79020373E+01  0.60000000E+08     1
    54    35    40       10        2     0.75364722E+02  0.78904814E+02  0.50000000E+00 -0.35400916E+01 -0.70801832E+01  0.60000000E+08     1
    54    35    41       10        2     0.70838062E+02  0.73984686E+02  0.50000000E+00 -0.31466241E+01 -0.62932481E+01  0.60000000E+08     1
    54    35    42       10        2     0.66329454E+02  0.69104925E+02  0.50000000E+00 -0.27754709E+01 -0.55509418E+01  0.60000000E+08     1
    54    35    43       10        2     0.61851138E+02  0.64288775E+02  0.50000000E+00 -0.24376369E+01 -0.48752737E+01  0.60000000E+08     1
    54    35    44       10        2     0.57424183E+02  0.59580391E+02  0.50000000E+00 -0.21562082E+01 -0.43124164E+01  0.60000000E+08     1
    54    35    45       10        2     0.53089990E+02  0.55068754E+02  0.50000000E+00 -0.19787632E+01 -0.39575264E+01  0.60000000E+08     1
    54    35    46       10        2     0.48931294E+02  0.51962377E+02  0.50000000E+00 -0.30310828E+01 -0.60621657E+01  0.60000000E+08     1
    54    35    47        9        2     0.46068354E+02  0.50067965E+02  0.50000000E+00 -0.39996105E+01 -0.79992210E+01  0.60000000E+08     1
    54    35    48        9        2     0.44325439E+02  0.47497134E+02  0.50000000E+00 -0.31716951E+01 -0.63433902E+01  0.60000000E+08     1
    54    35    49        8        2     0.41946358E+02  0.44277886E+02  0.50000000E+00 -0.23315276E+01 -0.46630553E+01  0.60000000E+08     1
    54    35    50        8        2     0.38955340E+02  0.40344676E+02  0.50000000E+00 -0.13893361E+01 -0.27786722E+01  0.60000000E+08     1
    54    35    51        7        2     0.35286958E+02  0.35710074E+02  0.50000000E+00 -0.42311559E+00 -0.84623118E+00  0.60000000E+08     1
    54    35    52        7        2     0.30953079E+02  0.31108668E+02  0.50000000E+00 -0.15558860E+00 -0.31117719E+00  0.60000000E+08     1
    54    35    53        7        2     0.26643863E+02  0.26543506E+02  0.50000000E+00  0.10035621E+00  0.20071243E+00  0.60000000E+08     1
    54    35    54        7        2     0.22360613E+02  0.22014892E+02  0.50000000E+00  0.34572096E+00  0.69144191E+00  0.60000000E+08     1
    54    35    55        7        2     0.18102154E+02  0.17520305E+02  0.50000000E+00  0.58184938E+00  0.11636988E+01  0.60000000E+08     1
    50    45    27       11        2     0.12233205E+03  0.13259854E+03  0.50000000E+00 -0.10266488E+02 -0.20532977E+02  0.60000000E+08     1
    50    45    28       11        2     0.11918235E+03  0.12910242E+03  0.50000000E+00 -0.99200658E+01 -0.19840132E+02  0.60000000E+08     1
    50    45    29       11        2     0.11605723E+03  0.12563626E+03  0.50000000E+00 -0.95790323E+01 -0.19158065E+02  0.60000000E+08     1
    50    45    30       11        2     0.11295722E+03  0.12220110E+03  0.50000000E+00 -0.92438812E+01 -0.18487762E+02  0.60000000E+08     1
    50    45    31       11        2     0.10988221E+03  0.11879860E+03  0.50000000E+00 -0.89163976E+01 -0.17832795E+02  0.60000000E+08     1
    50    45    32       11        2     0.10683279E+03  0.11543170E+03  0.50000000E+00 -0.85989142E+01 -0.17197828E+02  0.60000000E+08     1
    50    45    33       11        2     0.10381088E+03  0.11210601E+03  0.50000000E+00 -0.82951270E+01 -0.16590254E+02  0.60000000E+08     1
    50    45    34       11        2     0.10082076E+03  0.10883341E+03  0.50000000E+00 -0.80126507E+01 -0.16025301E+02  0.60000000E+08     1
    50    45    35       11        2     0.97872918E+02  0.10564108E+03  0.50000000E+00 -0.77681622E+01 -0.15536324E+02  0.60000000E+08     1
    50    45    36       11        2     0.94992765E+02  0.10177092E+03  0.50000000E+00 -0.67781576E+01 -0.13556315E+02  0.60000000E+08     1
    50    45    37       10        2     0.91479126E+02  0.97079256E+02  0.50000000E+00 -0.56001301E+01 -0.11200260E+02  0.60000000E+08     1
    50    45    38       10        2     0.87196492E+02  0.92265274E+02  0.50000000E+00 -0.50687822E+01 -0.10137564E+02  0.60000000E+08     1
    50    45    39       10        2     0.82792542E+02  0.87417734E+02  0.50000000E+00 -0.46251919E+01 -0.92503838E+01  0.60000000E+08     1
    50    45    40       10        2     0.78348514E+02  0.82571674E+02  0.50000000E+00 -0.42231604E+01 -0.84463208E+01  0.60000000E+08     1
    50    45    41       10        2     0.73896757E+02  0.77742553E+02  0.50000000E+00 -0.38457960E+01 -0.76915921E+01  0.60000000E+08     1
    50    45    42       10        2     0.69451901E+02  0.72938417E+02  0.50000000E+00 -0.34865168E+01 -0.69730335E+01  0.60000000E+08     1
    50    45    43       10        2     0.65021898E+02  0.68163863E+02  0.50000000E+00 -0.31419646E+01 -0.62839292E+01  0.60000000E+08     1
    50    45    44       10        2     0.60610467E+02  0.63420688E+02  0.50000000E+00 -0.28102213E+01 -0.56204425E+01  0.60000000E+08     1
    50    45    45       10        2     0.56219481E+02  0.58707157E+02  0.50000000E+00 -0.24876769E+01 -0.49753538E+01  0.60000000E+08     1
    50    45    46       10        2     0.51847045E+02  0.55386813E+02  0.50000000E+00 -0.35397677E+01 -0.70795354E+01  0.60000000E+08     1
    50    45    47        9        2     0.48768573E+02  0.53448281E+02  0.50000000E+00 -0.46797081E+01 -0.93594162E+01  0.60000000E+08     1
    50    45    48        9        2     0.46975329E+02  0.50878415E+02  0.50000000E+00 -0.39030858E+01 -0.78061717E+01  0.60000000E+08     1
    50    45    49        8        2     0.44581291E+02  0.47683527E+02  0.50000000E+00 -0.31022353E+01 -0.62044706E+01  0.60000000E+08     1
    50    45    50        8        2     0.41591783E+02  0.43794502E+02  0.50000000E+00 -0.22027190E+01 -0.44054379E+01  0.60000000E+08     1
    50    45    51        7        2     0.37936667E+02  0.39215953E+02  0.50000000E+00 -0.12792863E+01 -0.25585727E+01  0.60000000E+08     1
    50    45    52        7        2     0.33621778E+02  0.34663423E+02  0.50000000E+00 -0.10416445E+01 -0.20832891E+01  0.60000000E+08     1
    50    45    53        7        2     0.29325850E+02  0.30133358E+02  0.50000000E+00 -0.80750820E+00 -0.16150164E+01  0.60000000E+08     1
    50    45    54        7        2     0.25046314E+02  0.25616682E+02  0.50000000E+00 -0.57036744E+00 -0.11407349E+01  0.60000000E+08     1
    50    45    55        7        2     0.20776831E+02  0.21304517E+02  0.50000000E+00 -0.52768561E+00 -0.10553712E+01  0.60000000E+08     1
